0.000000 48.754486 57.801384 35.114101 32.310989 57.982758 63.063461 32.893768 56.727417 56.080299 51.195702 20.396078 34.481880 43.566040 44.598206 43.139309 50.477718 70.802544 39.051247 54.378304
48.754486 0.000000 32.649654 34.176014 16.643316 87.321243 48.826221 61.587337 88.459030 72.013885 32.557640 40.012497 55.317268 88.119240 91.607857 17.204651 75.000000 36.055511 21.023796 50.039986
57.801384 32.649654 0.000000 24.041630 38.013157 70.576202 17.029387 82.975899 73.164200 50.039986 64.513565 39.051247 42.544094 83.862984 101.833199 19.026299 57.558666 14.764823 20.396078 80.808418
35.114101 34.176014 24.041630 0.000000 27.658634 53.600372 28.284271 64.007813 55.145264 38.078865 58.137768 15.264338 22.000000 60.835846 78.230431 18.110771 41.000000 38.418747 13.341664 70.710678
32.310989 16.643316 38.013157 27.658634 0.000000 76.694199 50.960770 47.010635 77.162170 64.815125 30.479502 27.202942 45.177429 73.171036 75.000000 19.000000 65.299309 46.572525 18.681541 44.011364
57.982758 87.321243 70.576202 53.600372 76.694199 0.000000 60.406952 88.814415 4.472136 22.825424 104.809349 49.658836 32.015621 34.058773 74.813103 71.700768 13.038404 84.528099 66.910385 111.664673
63.063461 48.826221 17.029387 28.284271 50.960770 60.406952 0.000000 92.135773 63.694584 38.078865 79.624115 42.720020 38.209946 79.981247 104.651802 33.105892 47.927029 26.305893 32.280025 94.868332
32.893768 61.587337 82.975899 64.007813 47.010635 88.814415 92.135773 0.000000 86.833176 88.955048 43.829212 51.478149 67.357254 66.030296 41.048752 64.845970 82.764725 93.300591 62.585941 35.057095
56.727417 88.459030 73.164200 55.145264 77.162170 4.472136 63.694584 86.833176 0.000000 26.627054 104.656578 49.979996 33.241539 30.000000 71.196907 73.246162 15.811388 87.321243 68.359344 110.801628
56.080299 72.013885 50.039986 38.078865 64.815125 22.825424 38.078865 88.955048 26.627054 0.000000 94.921021 40.607880 21.954498 50.089920 85.475143 55.154327 12.206555 63.198101 50.990196 105.118980
51.195702 32.557640 64.513565 58.137768 30.479502 104.809349 79.624115 43.829212 104.656578 94.921021 0.000000 55.470715 74.404305 94.725922 82.969872 46.518814 94.302704 68.468971 48.020828 18.439089
20.396078 40.012497 39.051247 15.264338 27.202942 49.658836 42.720020 51.478149 49.979996 40.607880 55.470715 0.000000 19.104973 48.764740 62.968246 28.231188 38.832977 53.037724 23.259407 64.536812
34.481880 55.317268 42.544094 22.000000 45.177429 32.015621 38.209946 67.357254 33.241539 21.954498 74.404305 19.104973 0.000000 42.011902 68.963760 40.049969 20.124611 57.271286 35.128338 83.546394
43.566040 88.119240 83.862984 60.835846 73.171036 34.058773 79.981247 66.030296 30.000000 50.089920 94.725922 48.764740 42.011902 0.000000 42.059483 76.843994 38.078865 98.615417 71.784401 96.005211
44.598206 91.607857 101.833199 78.230431 75.000000 74.813103 104.651802 41.048752 71.196907 85.475143 82.969872 62.968246 68.963760 42.059483 0.000000 87.726852 75.026665 115.256233 83.630135 76.105194
43.139309 17.204651 19.026299 18.110771 19.000000 71.700768 33.105892 64.845970 73.246162 55.154327 46.518814 28.231188 40.049969 76.843994 87.726852 0.000000 59.033890 28.635643 5.099020 62.096699
50.477718 75.000000 57.558666 41.000000 65.299309 13.038404 47.927029 82.764725 15.811388 12.206555 94.302704 38.832977 20.124611 38.078865 75.026665 59.033890 0.000000 71.589104 54.341511 102.552429
70.802544 36.055511 14.764823 38.418747 46.572525 84.528099 26.305893 93.300591 87.321243 63.198101 68.468971 53.037724 57.271286 98.615417 115.256233 28.635643 71.589104 0.000000 31.906113 86.092972
39.051247 21.023796 20.396078 13.341664 18.681541 66.910385 32.280025 62.585941 68.359344 50.990196 48.020828 23.259407 35.128338 71.784401 83.630135 5.099020 54.341511 31.906113 0.000000 62.625874
54.378304 50.039986 80.808418 70.710678 44.011364 111.664673 94.868332 35.057095 110.801628 105.118980 18.439089 64.536812 83.546394 96.005211 76.105194 62.096699 102.552429 86.092972 62.625874 0.000000